4190381
4191466
4192551
4193637
4194722
4195807
4196893
4197978
4199064
4200149
4201234
4202320
4203405
4204491
4205576
4206661
4207747
4208832
4209918
4211003
4212089
4213174
4214260
4215345
4216431
4217516
4218601
4219686
4220772
4221857
4222943
4224028
4225114
4226199
4227284
4228369
4229455
4230540
4231626
4232711
4233796
4234882
4235967
4237052
4238138
4239224
4240309
4241394
4242480
4243565
4244650
4245736
4246821
4247907
4248992
4250077
4251162
4252248
4253333
4254420
4255504
4256589
4257675
4258760
4259846
4260931
4262017
4263102
4264188
4265273
4266358
4267444
4268529
4269615
4270700
4271786
4272871
4273956
4275042
4276127
4277213
4278298
4279384
4280469
4281554
4282640
4283725
4284811
4285896
4286982
4288067
4289152
4290238
4291323
4292409
4293494
4294579
4295665
4296750
4297835
4298921
4300006
4301092
4302177
4303263
4304348
4305434
4306519
4307604
4308690
4309775
4310861
4311946
4313032
4314117
4315203
4316288